desc: I1 cache:         32768 B, 64 B, 8-way associative
desc: D1 cache:         32768 B, 64 B, 8-way associative
desc: LL cache:         20971520 B, 64 B, 20-way associative
cmd: MD
events: Ir I1mr ILmr Dr D1mr DLmr Dw D1mw DLmw 
fl=/fs4/d122/d122/s1245946/pfp/control.c
fn=main
21 9 2 2 1 0 0 6 0 0
fl=/usr/src/packages/BUILD/gcc-4.3.4-20091019/obj-x86_64-suse-linux/x86_64-suse-linux/libgcc/../../../libgcc/../gcc/gthr-posix.h
fn=__deregister_frame_info_bases
685 3 0 0 1 1 0 0 0 0
686 1 1 1 1 0 0 0 0 0
703 2 1 1 0 0 0 0 0 0
fn=__register_frame_info_bases
685 2 0 0 1 0 0 0 0 0
fl=/usr/src/packages/BUILD/gcc-4.3.4-20091019/obj-x86_64-suse-linux/x86_64-suse-linux/libgcc/../../../libgcc/../gcc/unwind-dw2-fde.c
fn=__deregister_frame_info
224 1 1 1 0 0 0 0 0 0
fn=__deregister_frame_info_bases
175 5 2 2 0 0 0 3 0 0
180 5 0 0 1 1 0 0 0 0
186 2 0 0 0 0 0 0 0 0
187 4 0 0 1 0 0 0 0 0
210 2 1 1 1 0 0 1 0 0
217 2 0 0 0 0 0 0 0 0
218 1 0 0 0 0 0 0 0 0
219 5 0 0 4 0 0 0 0 0
fn=__register_frame_info
107 3 1 1 0 0 0 0 0 0
fn=__register_frame_info_bases
80 2 0 0 0 0 0 1 0 0
82 5 1 1 1 1 1 0 0 0
85 1 0 0 0 0 0 1 1 1
86 1 0 0 0 0 0 1 0 0
87 1 0 0 0 0 0 1 0 0
88 1 0 0 0 0 0 1 0 0
89 1 1 1 0 0 0 1 1 1
90 1 0 0 1 0 0 0 0 0
98 2 1 1 1 1 1 1 0 0
99 2 0 0 0 0 0 1 0 0
102 2 0 0 2 0 0 0 0 0
fl=/usr/src/packages/BUILD/glibc-2.11.3/catgets/catgets.c
fn=catopen
34 8 2 2 0 0 0 5 0 0
40 4 0 0 0 0 0 1 0 0
42 2 1 1 0 0 0 0 0 0
47 3 0 0 0 0 0 1 0 0
49 4 1 1 0 0 0 0 0 0
53 3 0 0 0 0 0 1 0 0
54 5 1 1 1 0 0 0 0 0
57 2 0 0 0 0 0 1 0 0
58 3 0 0 0 0 0 1 0 0
60 3 0 0 0 0 0 0 0 0
63 37 4 4 0 0 0 18 1 1
70 3 0 0 0 0 0 1 0 0
71 2 0 0 0 0 0 0 0 0
76 7 0 0 0 0 0 1 0 0
79 4 1 1 0 0 0 1 0 0
83 3 0 0 0 0 0 1 0 0
85 7 0 0 6 0 0 0 0 0
fl=/usr/src/packages/BUILD/glibc-2.11.3/catgets/open_catalog.c
fn=__open_catalog
42 11 0 0 0 0 0 9 1 1
53 7 2 2 0 0 0 1 0 0
54 5 0 0 0 0 0 1 0 0
80 32 0 0 10 0 0 0 0 0
84 18 2 2 0 0 0 0 0 0
89 1320 1 1 0 0 0 0 0 0
93 2263 1 1 458 0 0 0 0 0
94 898 0 0 0 0 0 0 0 0
98 23 1 1 0 0 0 0 0 0
99 203 1 1 23 0 0 0 0 0
103 36 1 1 9 0 0 18 0 0
104 45 0 0 9 0 0 0 0 0
105 45 1 1 9 0 0 18 0 0
107 18 0 0 9 0 0 0 0 0
110 8 0 0 2 0 0 4 0 0
111 10 1 1 2 0 0 0 0 0
112 10 0 0 2 0 0 4 0 0
114 25 1 1 9 0 0 0 0 0
120 28 1 1 0 0 0 0 0 0
121 21 0 0 7 1 1 7 0 0
123 31 0 0 12 0 0 0 0 0
129 5 0 0 0 0 0 0 0 0
130 15 0 0 5 0 0 0 0 0
173 1718 1 1 2 0 0 2 0 0
174 867 0 0 0 0 0 426 1 1
177 27 0 0 0 0 0 0 0 0
178 9 0 0 0 0 0 9 0 0
180 18 0 0 0 0 0 0 0 0
182 54 1 1 0 0 0 27 0 0
183 27 0 0 9 0 0 0 0 0
187 9 0 0 0 0 0 0 0 0
192 3 1 1 1 0 0 0 0 0
194 3 0 0 0 0 0 1 0 0
336 10 2 2 7 0 0 0 0 0
fl=/usr/src/packages/BUILD/glibc-2.11.3/csu/../sysdeps/unix/sysv/linux/dl-osinfo.h
fn=(below main)
67 2 0 0 0 0 0 0 0 0
89 2 0 0 1 1 1 1 0 0
90 1 0 0 1 0 0 0 0 0
98 2 1 1 0 0 0 0 0 0
109 2 0 0 1 0 0 1 0 0
fl=/usr/src/packages/BUILD/glibc-2.11.3/csu/../sysdeps/unix/sysv/linux/x86_64/../init-first.c
fn=__libc_init_first
44 7 0 0 0 0 0 3 0 0
58 4 1 1 0 0 0 1 0 0
69 2 0 0 1 1 1 1 0 0
73 1 1 1 0 0 0 1 0 0
74 1 0 0 0 0 0 1 0 0
75 1 0 0 0 0 0 1 0 0
78 1 0 0 0 0 0 1 0 0
82 1 0 0 0 0 0 1 0 0
89 4 0 0 0 0 0 0 0 0
99 4 0 0 3 0 0 0 0 0
fl=/usr/src/packages/BUILD/glibc-2.11.3/csu/../sysdeps/unix/sysv/linux/x86_64/sysdep.S
fn=__syscall_error
36 9 1 1 0 0 0 0 0 0
fl=/usr/src/packages/BUILD/glibc-2.11.3/csu/../sysdeps/unix/x86_64/sysdep.S
fn=__syscall_error
53 9 0 0 0 0 0 9 0 0
86 9 0 0 0 0 0 0 0 0
87 9 0 0 9 0 0 0 0 0
fl=/usr/src/packages/BUILD/glibc-2.11.3/csu/../sysdeps/x86_64/dl-irel.h
fn=__libc_csu_irel
33 21 0 0 9 0 0 0 0 0
34 16 0 0 8 2 2 0 0 0
36 18 0 0 1 1 1 0 0 0
38 9 0 0 9 2 2 9 0 0
39 9 0 0 0 0 0 9 2 2
fl=/usr/src/packages/BUILD/glibc-2.11.3/csu/../sysdeps/x86_64/elf/start.S
fn=???
65 1 1 1 0 0 0 0 0 0
81 1 0 0 0 0 0 0 0 0
83 1 0 0 1 1 1 0 0 0
84 1 0 0 0 0 0 0 0 0
86 1 0 0 0 0 0 0 0 0
88 1 0 0 0 0 0 1 0 0
92 1 0 0 0 0 0 1 0 0
106 1 0 0 0 0 0 0 0 0
107 1 0 0 0 0 0 0 0 0
109 1 0 0 0 0 0 0 0 0
113 1 0 0 0 0 0 1 0 0
fl=/usr/src/packages/BUILD/glibc-2.11.3/csu/../sysdeps/x86_64/multiarch/init-arch.c
fn=__init_cpu_features
32 6 1 1 0 0 0 4 0 0
38 3 0 0 0 0 0 0 0 0
39 3 0 0 0 0 0 0 0 0
45 1 0 0 0 0 0 1 0 0
53 3 1 1 0 0 0 1 0 0
56 6 1 1 0 0 0 0 0 0
64 1 0 0 1 0 0 0 0 0
69 3 0 0 0 0 0 0 0 0
70 2 0 0 0 0 0 0 0 0
75 3 1 1 0 0 0 0 0 0
76 3 0 0 0 0 0 0 0 0
96 1 0 0 0 0 0 1 0 0
97 1 0 0 0 0 0 1 0 0
99 1 0 0 0 0 0 1 0 0
100 2 0 0 2 0 0 0 0 0
fl=/usr/src/packages/BUILD/glibc-2.11.3/csu/elf-init.c
fn=__libc_csu_fini
132 3 0 0 0 0 0 2 0 0
134 3 0 0 0 0 0 0 0 0
135 2 0 0 0 0 0 0 0 0
138 1 0 0 0 0 0 0 0 0
140 3 0 0 2 0 0 0 0 0
fn=__libc_csu_init
106 8 1 1 0 0 0 5 0 0
115 5 0 0 0 0 0 0 0 0
120 1 0 0 0 0 0 1 0 0
123 10 1 1 0 0 0 0 0 0
124 4 0 0 1 0 0 1 0 0
125 6 0 0 6 0 0 0 0 0
fn=__libc_csu_irel
82 5 1 1 0 0 0 4 0 0
87 42 2 2 0 0 0 0 0 0
100 6 0 0 5 0 0 0 0 0
fl=/usr/src/packages/BUILD/glibc-2.11.3/csu/libc-start.c
fn=(below main)
102 12 1 1 0 0 0 8 2 2
112 5 1 1 0 0 0 1 1 1
115 3 0 0 2 0 0 0 0 0
117 1 0 0 0 0 0 1 1 1
121 3 0 0 1 0 0 1 1 1
130 1408 1 1 352 44 44 0 0 0
135 1 0 0 0 0 0 1 0 0
138 3 0 0 1 0 0 0 0 0
142 10 1 1 1 0 0 2 0 0
147 1 0 0 0 0 0 1 0 0
152 1 0 0 0 0 0 1 0 0
155 1 0 0 1 0 0 0 0 0
157 1 0 0 0 0 0 1 1 1
164 1 0 0 1 0 0 0 0 0
166 2 0 0 1 0 0 1 0 0
174 2 0 0 0 0 0 0 0 0
181 4 1 1 3 0 0 1 0 0
184 2 0 0 0 0 0 0 0 0
185 4 0 0 0 0 0 1 0 0
191 3 0 0 1 0 0 0 0 0
200 2 0 0 0 0 0 0 0 0
201 4 1 1 3 0 0 1 0 0
229 2 0 0 0 0 0 1 0 0
230 2 0 0 0 0 0 0 0 0
235 2 0 0 1 1 1 1 0 0
236 2 0 0 1 0 0 1 0 0
239 2 0 0 0 0 0 1 0 0
242 4 1 1 4 0 0 1 0 0
fl=/usr/src/packages/BUILD/glibc-2.11.3/csu/libc-tls.c
fn=__libc_setup_tls
83 1 0 0 0 0 0 1 1 1
90 1 0 0 0 0 0 1 1 1
91 1 0 0 0 0 0 1 0 0
103 5 0 0 1 0 0 1 0 0
105 1 0 0 0 0 0 1 1 1
107 4 1 1 0 0 0 1 0 0
109 1 0 0 0 0 0 1 0 0
114 7 1 1 0 0 0 6 0 0
125 3 0 0 1 0 0 0 0 0
126 16 0 0 1 0 0 0 0 0
127 12 1 1 4 3 3 0 0 0
130 1 0 0 1 0 0 0 0 0
131 2 0 0 1 1 1 1 0 0
132 1 0 0 1 0 0 0 0 0
133 1 0 0 1 0 0 0 0 0
134 4 0 0 0 0 0 0 0 0
149 7 1 1 1 1 1 0 0 0
150 3 0 0 0 0 0 1 0 0
163 4 0 0 0 0 0 0 0 0
167 1 1 1 0 0 0 1 1 1
172 12 0 0 0 0 0 1 1 1
174 1 0 0 0 0 0 1 1 1
181 1 0 0 0 0 0 1 0 0
183 4 1 1 2 0 0 1 0 0
189 1 0 0 0 0 0 1 1 1
191 8 0 0 0 0 0 2 0 0
204 1 0 0 0 0 0 1 1 1
205 1 0 0 0 0 0 1 0 0
206 1 1 1 0 0 0 1 0 0
207 2 1 1 1 0 0 1 0 0
208 1 0 0 1 1 1 0 0 0
209 1 0 0 0 0 0 1 0 0
213 1 1 1 0 0 0 1 1 1
215 8 0 0 0 0 0 0 0 0
222 8 0 0 7 0 0 0 0 0
fn=__pthread_initialize_minimal
249 3 1 1 0 0 0 0 0 0
fl=/usr/src/packages/BUILD/glibc-2.11.3/dlfcn/dlerror.c
fn=check_free
188 3 1 1 0 0 0 1 0 0
189 3 1 1 1 1 1 0 0 0
201 3 0 0 2 0 0 0 0 0
fn=fini
208 2 1 1 0 0 0 0 0 0
fl=/usr/src/packages/BUILD/glibc-2.11.3/elf/../sysdeps/unix/sysv/linux/dl-sysdep.c
fn=_dl_discover_osversion
67 4 1 1 0 0 0 3 1 1
109 5 1 1 0 0 0 1 1 1
121 3 0 0 0 0 0 0 0 0
131 12 0 0 3 1 1 0 0 0
133 9 0 0 0 0 0 0 0 0
135 21 0 0 5 0 0 0 0 0
138 8 0 0 0 0 0 0 0 0
141 3 0 0 0 0 0 0 0 0
142 3 1 1 0 0 0 0 0 0
143 3 0 0 0 0 0 0 0 0
145 14 0 0 0 0 0 0 0 0
150 2 0 0 0 0 0 0 0 0
153 1 1 1 0 0 0 0 0 0
154 5 0 0 4 0 0 0 0 0
fl=/usr/src/packages/BUILD/glibc-2.11.3/elf/../sysdeps/x86_64/dl-machine.h
fn=_dl_non_dynamic_init
226 3 1 1 1 0 0 0 0 0
fl=/usr/src/packages/BUILD/glibc-2.11.3/elf/dl-load.c
fn=_dl_init_paths
712 7 2 2 0 0 0 4 0 0
727 6 0 0 2 1 1 2 0 0
731 4 0 0 0 0 0 2 1 1
733 2 1 1 0 0 0 0 0 0
740 5 0 0 1 0 0 0 0 0
744 5 0 0 0 0 0 2 0 0
747 4 1 1 2 0 0 0 0 0
753 1 0 0 0 0 0 1 0 0
754 2 0 0 1 0 0 1 0 0
762 4 1 1 0 0 0 2 0 0
764 2 0 0 0 0 0 2 0 0
765 2 0 0 0 0 0 2 0 0
767 4 0 0 0 0 0 2 2 2
768 4 0 0 2 1 1 2 0 0
769 2 0 0 0 0 0 0 0 0
772 6 0 0 2 0 0 0 0 0
773 12 0 0 4 0 0 0 0 0
774 2 1 1 0 0 0 2 0 0
776 14 0 0 0 0 0 2 0 0
782 1 1 1 0 0 0 1 0 0
783 1 0 0 0 0 0 1 0 0
830 5 0 0 1 0 0 0 0 0
851 18 2 2 1 1 0 3 1 1
857 1505 1 1 500 0 0 0 0 0
859 499 0 0 0 0 0 0 0 0
860 998 0 0 0 0 0 0 0 0
861 499 0 0 0 0 0 0 0 0
864 3 0 0 0 0 0 2 0 0
866 3 0 0 0 0 0 0 0 0
876 3 0 0 2 0 0 0 0 0
882 1 0 0 0 0 0 1 0 0
888 2 0 0 1 0 0 1 1 0
889 6 0 0 5 0 0 0 0 0
fn=fillin_rpath
491 15 1 1 0 0 0 11 0 0
495 60 1 1 10 0 0 10 0 0
498 27 0 0 0 0 0 9 0 0
502 18 0 0 0 0 0 0 0 0
509 36 2 2 9 0 0 0 0 0
514 27 2 2 0 0 0 9 0 0
517 27 0 0 9 0 0 0 0 0
521 171 1 1 57 0 0 0 0 0
522 248 0 0 231 0 0 0 0 0
529 2 0 0 0 0 0 0 0 0
530 3 1 1 1 0 0 0 0 0
540 24 1 1 8 0 0 0 0 0
543 40 0 0 8 0 0 8 0 0
546 16 0 0 0 0 0 0 0 0
550 24 0 0 8 0 0 8 4 4
552 32 1 1 0 0 0 16 0 0
553 8 0 0 0 0 0 8 0 0
556 32 0 0 16 0 0 8 0 0
561 32 1 1 8 0 0 0 0 0
562 64 0 0 8 0 0 0 0 0
563 8 0 0 0 0 0 8 0 0
565 16 0 0 8 0 0 8 0 0
566 16 0 0 8 0 0 0 0 0
571 16 1 1 0 0 0 8 0 0
573 24 0 0 8 0 0 8 0 0
574 8 0 0 0 0 0 8 0 0
577 16 0 0 0 0 0 8 1 1
582 1 0 0 0 0 0 1 0 0
585 9 0 0 7 0 0 0 0 0
fl=/usr/src/packages/BUILD/glibc-2.11.3/elf/dl-support.c
fn=_dl_aux_init
181 80 2 2 19 3 3 0 0 0
182 70 0 0 16 5 5 0 0 0
185 3 0 0 1 0 0 1 1 1
188 2 1 1 1 0 0 1 1 1
191 2 1 1 1 1 1 1 1 1
194 2 1 1 1 0 0 1 0 0
197 2 1 1 1 0 0 1 1 1
210 1 0 0 1 0 0 0 0 0
211 1 0 0 0 0 0 0 0 0
214 1 1 1 1 0 0 0 0 0
215 1 0 0 0 0 0 0 0 0
218 1 0 0 1 1 1 0 0 0
219 1 0 0 0 0 0 0 0 0
222 1 0 0 1 0 0 0 0 0
223 1 0 0 0 0 0 0 0 0
227 2 1 1 1 0 0 1 0 0
228 2 0 0 0 0 0 1 1 1
231 2 0 0 1 0 0 1 0 0
237 3 0 0 1 0 0 0 0 0
fn=_dl_important_hwcaps
326 1 0 0 0 0 0 1 0 0
327 1 0 0 0 0 0 1 0 0
329 1 0 0 0 0 0 1 1 1
331 2 0 0 1 0 0 0 0 0
fn=_dl_non_dynamic_init
249 7 1 1 0 0 0 6 0 0
251 5 1 1 0 0 0 1 0 0
253 2 0 0 1 0 0 0 0 0
256 9 1 1 1 1 1 2 0 0
260 4 0 0 0 0 0 2 0 0
262 8 0 0 1 0 0 2 0 0
264 8 1 1 1 0 0 2 0 0
266 8 0 0 1 0 0 2 0 0
268 8 1 1 1 0 0 2 0 0
270 3 0 0 0 0 0 2 0 0
271 2 0 0 0 0 0 0 0 0
272 7 1 1 1 0 0 1 0 0
275 3 1 1 1 0 0 0 0 0
300 5 0 0 0 0 0 1 0 0
304 3 1 1 1 0 0 0 0 0
308 3 0 0 1 0 0 0 0 0
309 15 0 0 1 0 0 0 0 0
310 22 1 1 5 0 0 0 0 0
312 2 1 1 1 0 0 1 1 1
313 3 0 0 0 0 0 0 0 0
315 8 0 0 7 0 0 0 0 0
fl=/usr/src/packages/BUILD/glibc-2.11.3/elf/enbl-secure.c
fn=__libc_init_secure
33 1 0 0 0 0 0 1 0 0
34 3 1 1 1 0 0 0 0 0
37 2 0 0 2 0 0 0 0 0
fl=/usr/src/packages/BUILD/glibc-2.11.3/io/../sysdeps/unix/syscall-template.S
fn=__write_nocancel
82 20 0 0 4 0 0 0 0 0
fn=write
82 8 1 1 4 0 0 0 0 0
fl=/usr/src/packages/BUILD/glibc-2.11.3/libio/fileops.c
fn=_IO_do_write
493 8 0 0 0 0 0 4 0 0
494 12 1 1 0 0 0 0 0 0
496 12 0 0 8 0 0 0 0 0
fn=_IO_file_overflow
829 24 1 1 0 0 0 12 0 0
830 12 1 1 4 0 0 0 0 0
837 14 0 0 3 0 0 0 0 0
840 2 1 1 1 0 0 0 0 0
842 2 1 1 0 0 0 1 0 0
843 6 0 0 2 0 0 3 0 0
852 2 1 1 0 0 0 0 0 0
861 3 0 0 2 0 0 0 0 0
863 1 0 0 0 0 0 1 0 0
864 1 0 0 0 0 0 1 0 0
865 2 0 0 1 0 0 1 0 0
866 3 0 0 1 0 0 2 0 0
868 3 0 0 0 0 0 1 0 0
869 5 1 1 1 0 0 0 0 0
870 2 0 0 0 0 0 1 0 0
872 8 0 0 0 0 0 0 0 0
873 20 1 1 8 0 0 0 0 0
885 16 0 0 12 0 0 0 0 0
fn=_IO_file_write
1261 32 1 1 0 0 0 16 0 0
1263 24 0 0 0 0 0 0 0 0
1268 24 1 1 8 0 0 4 0 0
1269 8 0 0 0 0 0 0 0 0
1274 4 0 0 0 0 0 0 0 0
1275 12 1 1 0 0 0 0 0 0
1278 12 0 0 4 0 0 0 0 0
1281 28 0 0 20 0 0 0 0 0
fn=_IO_file_xsputn
1288 40 2 2 0 0 0 24 0 0
1289 4 0 0 0 0 0 0 0 0
1294 12 0 0 0 0 0 0 0 0
1301 16 0 0 4 0 0 0 0 0
1318 20 0 0 8 1 1 0 0 0
1350 24 1 1 8 0 0 4 0 0
1357 8 0 0 8 0 0 0 0 0
1358 12 0 0 0 0 0 0 0 0
1360 12 0 0 0 0 0 0 0 0
1362 16 1 1 0 0 0 4 0 0
1363 4 0 0 0 0 0 0 0 0
1364 8 0 0 0 0 0 0 0 0
1371 12 0 0 0 0 0 0 0 0
1374 8 1 1 0 0 0 0 0 0
1375 32 0 0 28 0 0 0 0 0
fn=new_do_write
505 32 2 2 0 0 0 16 0 0
507 12 0 0 4 0 0 0 0 0
514 16 1 1 8 0 0 0 0 0
522 24 0 0 8 1 1 4 0 0
523 12 0 0 4 0 0 0 0 0
526 16 0 0 4 0 0 12 0 0
527 8 0 0 0 0 0 8 0 0
528 24 1 1 8 0 0 4 0 0
532 28 0 0 20 0 0 0 0 0
fl=/usr/src/packages/BUILD/glibc-2.11.3/libio/genops.c
fn=_IO_cleanup
944 8 1 1 0 0 0 2 0 0
945 11 1 1 5 0 0 1 0 0
948 12 0 0 4 0 0 0 0 0
950 21 0 0 4 0 0 0 0 0
957 3 1 1 1 0 0 0 0 0
977 3 1 1 0 0 0 3 0 0
981 10 1 1 3 0 0 2 0 0
982 2 0 0 0 0 0 0 0 0
1002 6 1 1 0 0 0 5 0 0
1003 2 0 0 0 0 0 1 0 0
1015 8 1 1 6 0 0 0 0 0
fn=_IO_default_xsputn
452 49 1 1 0 0 0 35 1 1
453 14 0 0 0 0 0 0 0 0
455 28 0 0 0 0 0 0 0 0
460 28 0 0 14 0 0 0 0 0
462 28 0 0 0 0 0 0 0 0
465 14 0 0 0 0 0 0 0 0
468 10 1 1 0 0 0 4 0 0
473 2 0 0 0 0 0 0 0 0
475 20 1 1 0 0 0 0 0 0
479 47 0 0 0 0 0 0 0 0
480 63 0 0 21 0 0 21 0 0
481 10 0 0 0 0 0 5 0 0
483 7 0 0 0 0 0 0 0 0
485 14 0 0 0 0 0 0 0 0
489 14 1 1 0 0 0 0 0 0
490 42 0 0 42 0 0 0 0 0
fn=_IO_doallocbuf
419 2 1 1 0 0 0 1 0 0
420 2 0 0 1 0 0 0 0 0
422 5 0 0 2 0 0 0 0 0
425 5 1 1 0 0 0 0 0 0
426 1 0 0 1 0 0 0 0 0
fn=_IO_flush_all
880 2 0 0 0 0 0 0 0 0
fn=_IO_flush_all_lockp
823 8 1 1 0 0 0 6 0 0
829 11 0 0 0 0 0 2 0 0
831 11 2 2 5 1 1 1 0 0
834 1 0 0 1 1 1 0 0 0
835 1 0 0 1 1 1 0 0 0
836 11 0 0 0 0 0 0 0 0
838 3 0 0 0 0 0 3 0 0
839 6 1 1 0 0 0 0 0 0
840 50 1 1 25 3 3 3 0 0
842 21 1 1 9 2 2 0 0 0
852 6 1 1 0 0 0 0 0 0
853 48 1 1 21 0 0 6 0 0
854 3 1 1 0 0 0 3 0 0
856 9 0 0 3 0 0 0 0 0
863 3 0 0 3 1 1 0 0 0
867 2 0 0 0 0 0 0 0 0
868 11 1 1 3 0 0 2 0 0
869 2 0 0 0 0 0 0 0 0
873 9 0 0 7 0 0 0 0 0
fn=_IO_no_init
648 9 1 1 0 0 0 4 0 0
649 1 0 0 0 0 0 1 0 0
650 1 0 0 0 0 0 1 0 0
652 2 1 1 0 0 0 0 0 0
670 1 1 1 0 0 0 1 0 0
671 6 0 0 5 0 0 0 0 0
fn=_IO_old_init
615 2 0 0 0 0 0 1 0 0
616 1 0 0 0 0 0 1 0 0
617 1 0 0 0 0 0 1 0 0
618 1 1 1 0 0 0 1 0 0
619 1 0 0 0 0 0 1 0 0
620 1 0 0 0 0 0 1 0 0
621 1 0 0 0 0 0 1 0 0
622 1 0 0 0 0 0 1 0 0
623 1 0 0 0 0 0 1 0 0
624 1 0 0 0 0 0 1 0 0
625 1 1 1 0 0 0 1 0 0
627 1 0 0 0 0 0 1 0 0
628 1 0 0 0 0 0 1 0 0
629 1 0 0 0 0 0 1 0 0
630 1 0 0 0 0 0 1 0 0
631 1 0 0 0 0 0 1 0 0
636 3 1 1 1 0 0 0 0 0
637 1 0 0 1 0 0 0 0 0
fn=_IO_setb
404 18 2 2 0 0 0 8 1 1
405 6 0 0 2 0 0 0 0 0
407 2 0 0 0 0 0 2 0 0
408 2 0 0 0 0 0 2 0 0
409 4 0 0 0 0 0 0 0 0
412 2 0 0 2 0 0 0 0 0
413 12 1 1 10 0 0 0 0 0
fl=/usr/src/packages/BUILD/glibc-2.11.3/libio/iovsprintf.c
fn=vsprintf
33 8 2 2 0 0 0 4 0 0
38 1 0 0 0 0 0 1 0 0
40 6 0 0 0 0 0 1 0 0
41 1 0 0 0 0 0 1 0 0
42 5 1 1 0 0 0 1 0 0
43 5 0 0 0 0 0 1 0 0
44 4 0 0 2 0 0 1 0 0
46 7 1 1 5 0 0 0 0 0
fl=/usr/src/packages/BUILD/glibc-2.11.3/libio/strops.c
fn=_IO_str_init_static_internal
40 8 1 1 0 0 0 4 0 0
44 2 0 0 0 0 0 0 0 0
46 4 0 0 0 0 0 0 0 0
50 5 1 1 0 0 0 1 0 0
52 1 0 0 0 0 0 1 0 0
53 1 0 0 0 0 0 1 0 0
54 1 0 0 0 0 0 1 0 0
55 2 0 0 0 0 0 0 0 0
57 1 0 0 0 0 0 1 0 0
58 1 0 0 0 0 0 1 0 0
59 1 0 0 0 0 0 1 0 0
68 1 0 0 0 0 0 1 0 0
69 6 1 1 5 0 0 0 0 0
fl=/usr/src/packages/BUILD/glibc-2.11.3/malloc/arena.c
fn=ptmalloc_init
380 1056 0 0 352 0 0 0 0 0
382 738 0 0 369 0 0 0 0 0
398 351 0 0 0 0 0 0 0 0
410 1 0 0 0 0 0 1 1 1
412 1 0 0 0 0 0 1 0 0
413 1 1 1 0 0 0 1 0 0
414 1 0 0 0 0 0 1 0 0
415 2 0 0 0 0 0 2 0 0
420 1 0 0 0 0 0 1 1 1
467 14 1 1 0 0 0 12 2 2
475 6 0 0 2 0 0 0 0 0
476 1 1 1 0 0 0 1 0 0
510 1 0 0 0 0 0 1 1 1
511 1 1 1 0 0 0 1 1 1
525 1 0 0 0 0 0 1 0 0
527 3 0 0 1 0 0 1 0 0
528 11 1 1 1 0 0 6 1 1
539 1 0 0 1 0 0 0 0 0
541 4 0 0 1 0 0 0 0 0
566 2 1 1 0 0 0 0 0 0
568 2 0 0 0 0 0 0 0 0
620 2 1 1 0 0 0 0 0 0
625 1 1 1 1 1 1 0 0 0
626 2 0 0 0 0 0 0 0 0
628 2 0 0 0 0 0 1 0 0
629 16 0 0 14 0 0 0 0 0
fl=/usr/src/packages/BUILD/glibc-2.11.3/malloc/hooks.c
fn=malloc_hook_ini
35 2 1 1 0 0 0 1 0 0
36 1 0 0 0 0 0 1 0 0
37 1 1 1 0 0 0 1 0 0
38 2 0 0 0 0 0 0 0 0
39 1 0 0 1 0 0 0 0 0
fn=realloc_hook_ini
48 5 1 1 0 0 0 2 0 0
49 1 0 0 0 0 0 1 0 0
50 1 0 0 0 0 0 1 0 0
51 1 0 0 0 0 0 1 0 0
52 3 0 0 0 0 0 0 0 0
53 3 1 1 2 0 0 0 0 0
fl=/usr/src/packages/BUILD/glibc-2.11.3/malloc/malloc.c
fn=_int_free
4780 27 2 2 0 0 0 18 0 0
4795 9 0 0 3 0 0 0 0 0
4801 18 0 0 0 0 0 0 0 0
4814 9 0 0 0 0 0 0 0 0
4827 6 1 1 3 0 0 0 0 0
4838 6 1 1 2 0 0 0 0 0
4867 3 0 0 1 0 0 0 0 0
4870 1 0 0 1 0 0 0 0 0
4871 3 0 0 0 0 0 0 0 0
4891 4 1 1 1 0 0 0 0 0
4897 1 0 0 0 0 0 1 0 0
4898 1 0 0 0 0 0 1 0 0
4906 4 0 0 0 0 0 0 0 0
4923 2 0 0 0 0 0 0 0 0
4927 8 0 0 2 0 0 0 0 0
4933 16 2 2 4 0 0 0 0 0
4941 8 0 0 2 0 0 0 0 0
4947 4 0 0 0 0 0 0 0 0
4948 8 1 1 2 0 0 0 0 0
4955 6 0 0 2 0 0 0 0 0
4959 4 0 0 0 0 0 0 0 0
4966 4 0 0 2 0 0 0 0 0
4971 2 1 1 1 0 0 0 0 0
4975 1 0 0 1 0 0 0 0 0
4983 1 0 0 0 0 0 0 0 0
4984 1 0 0 1 0 0 0 0 0
4985 4 0 0 1 0 0 0 0 0
4990 1 0 0 0 0 0 1 0 0
4991 1 0 0 0 0 0 1 0 0
4992 2 0 0 0 0 0 0 0 0
4997 1 0 0 0 0 0 1 0 0
4998 1 0 0 0 0 0 1 0 0
5000 3 0 0 0 0 0 1 0 0
5001 1 0 0 0 0 0 1 0 0
5012 1 1 1 0 0 0 0 0 0
5013 3 0 0 0 0 0 1 0 0
5014 2 0 0 0 0 0 1 0 0
5031 4 1 1 0 0 0 0 0 0
5032 2 0 0 1 0 0 0 0 0
5035 2 1 1 0 0 0 0 0 0
5037 5 1 1 3 0 0 0 0 0
5039 3 1 1 1 0 0 0 0 0
5071 23 0 0 20 0 0 0 0 0
fn=_int_malloc
2985 3 1 1 1 0 0 1 0 0
2998 3 0 0 2 0 0 0 0 0
3069 2 1 1 0 0 0 0 0 0
3079 2 1 1 0 0 0 1 0 0
3088 6 2 2 2 0 0 1 0 0
3098 3 1 1 2 0 0 0 0 0
3102 2 1 1 1 0 0 0 0 0
3164 7 1 1 2 0 0 0 0 0
3172 1 0 0 1 0 0 0 0 0
3183 7 1 1 2 0 0 1 0 0
3191 2 0 0 0 0 0 0 0 0
3192 3 0 0 1 0 0 1 0 0
3194 2 0 0 0 0 0 0 0 0
3196 1 0 0 1 0 0 0 0 0
3197 2 0 0 0 0 0 0 0 0
3242 2 0 0 1 0 0 0 0 0
3243 1 0 0 0 0 0 1 0 0
3244 3 0 0 1 0 0 1 0 0
3250 4 0 0 1 0 0 0 0 0
3253 6 1 1 2 0 0 0 0 0
3284 2 1 1 0 0 0 0 0 0
3293 5 1 1 0 0 0 1 0 0
3312 1 0 0 0 0 0 0 0 0
3315 2 0 0 0 0 0 0 0 0
3316 3 0 0 2 0 0 0 0 0
3318 3 0 0 0 0 0 0 0 0
3319 3 1 1 1 0 0 1 0 0
3331 2 0 0 0 0 0 0 0 0
3336 1 0 0 1 0 0 0 0 0
3337 2 0 0 0 0 0 0 0 0
3355 2 0 0 1 0 0 1 0 0
3356 5 1 1 2 0 0 1 1 1
3357 1 0 0 1 0 0 0 0 0
3368 2 0 0 1 0 0 0 0 0
3413 4 1 1 3 0 0 0 0 0
3414 1 0 0 0 0 0 1 0 0
3418 2 0 0 2 0 0 0 0 0
3422 4 1 1 2 0 0 0 0 0
3424 2 0 0 1 0 0 0 0 0
3425 1 0 0 0 0 0 1 0 0
3426 8 0 0 1 0 0 1 0 0
3427 4 1 1 1 0 0 1 0 0
3429 1 0 0 0 0 0 0 0 0
4265 126 1 1 0 0 0 112 6 5
4295 140 2 2 28 0 0 28 0 0
4303 28 0 0 14 0 0 0 0 0
4304 30 0 0 10 0 0 0 0 0
4305 40 0 0 10 0 0 10 1 1
4317 20 0 0 20 0 0 0 0 0
4319 20 0 0 0 0 0 0 0 0
4345 28 1 1 14 0 0 0 0 0
4346 39 1 1 13 0 0 13 0 0
4347 78 0 0 13 0 0 13 0 0
4349 39 0 0 13 1 1 0 0 0
4350 2 0 0 0 0 0 0 0 0
4351 3 1 1 1 0 0 1 0 0
4386 8 2 2 2 0 0 1 0 0
4387 5 0 0 2 0 0 1 0 0
4407 112 2 2 42 0 0 14 0 0
4423 42 1 1 14 0 0 14 0 0
4535 28 1 1 14 0 0 0 0 0
4536 5 0 0 2 0 0 0 0 0
4539 3 0 0 1 0 0 0 0 0
4606 28 0 0 14 0 0 0 0 0
4607 56 1 1 14 0 0 0 0 0
4608 28 0 0 0 0 0 0 0 0
4609 42 0 0 28 0 0 0 0 0
4610 56 0 0 0 0 0 0 0 0
4615 28 0 0 0 0 0 0 0 0
4617 159 1 1 0 0 0 0 0 0
4619 195 0 0 78 0 0 0 0 0
4715 28 1 1 28 0 0 0 0 0
4716 42 0 0 14 0 0 0 0 0
4718 28 0 0 14 0 0 0 0 0
4720 26 2 2 13 0 0 0 0 0
4721 13 0 0 0 0 0 13 0 0
4722 104 0 0 13 0 0 13 0 0
4724 39 0 0 13 0 0 13 13 13
4727 13 0 0 0 0 0 0 0 0
4728 52 0 0 13 0 0 0 0 0
4751 3 1 1 2 0 0 0 0 0
4754 56 0 0 14 0 0 14 0 0
4763 5 0 0 1 0 0 0 0 0
4764 3 1 1 0 0 0 0 0 0
4768 126 0 0 98 0 0 0 0 0
fn=free
3687 13 0 0 0 0 0 13 0 0
3692 13 1 1 13 1 0 0 0 0
3693 26 0 0 0 0 0 0 0 0
3698 26 0 0 0 0 0 0 0 0
3701 3 0 0 0 0 0 0 0 0
3704 9 0 0 3 0 0 0 0 0
3719 9 0 0 0 0 0 0 0 0
3731 18 1 1 6 0 0 0 0 0
3733 9 0 0 0 0 0 3 0 0
3734 12 1 1 6 0 0 0 0 0
3736 26 0 0 26 0 0 0 0 0
fn=malloc
3610 75 1 1 0 0 0 45 0 0
3615 15 0 0 15 1 1 0 0 0
3616 30 1 1 0 0 0 0 0 0
3617 3 1 1 1 0 0 0 0 0
3619 42 0 0 28 0 0 0 0 0
3652 126 1 1 28 0 0 0 0 0
3655 56 0 0 0 0 0 14 1 1
3656 28 0 0 0 0 0 0 0 0
3676 56 0 0 28 0 0 0 0 0
3677 126 1 1 14 0 0 0 0 0
3680 88 0 0 59 0 0 0 0 0
fn=malloc_consolidate
2473 254 0 0 0 0 0 0 0 0
2474 4 1 1 0 0 0 0 0 0
2475 381 0 0 0 0 0 254 31 31
2479 2 0 0 0 0 0 0 0 0
2483 2 1 1 0 0 0 1 0 0
2484 1 0 0 1 0 0 0 0 0
2486 1 0 0 0 0 0 1 0 0
5092 8 1 1 0 0 0 6 1 1
5114 2 0 0 1 0 0 0 0 0
5202 8 0 0 7 0 0 0 0 0
fn=realloc
3743 18 1 1 0 0 0 12 1 1
3750 2 0 0 2 0 0 0 0 0
3751 4 1 1 0 0 0 0 0 0
3752 3 1 1 1 0 0 0 0 0
3755 2 0 0 0 0 0 0 0 0
3759 4 1 1 0 0 0 0 0 0
3849 14 0 0 12 0 0 0 0 0
fn=sYSTRIm
3452 6 2 2 0 0 0 4 0 0
3460 1 0 0 1 0 0 0 0 0
3461 3 0 0 2 0 0 0 0 0
3464 6 0 0 0 0 0 0 0 0
3466 2 0 0 0 0 0 0 0 0
3472 3 1 1 1 0 0 1 0 0
3473 4 0 0 1 0 0 0 0 0
3485 3 0 0 1 0 0 1 0 0
3487 1 1 1 1 0 0 0 0 0
3488 2 0 0 0 0 0 0 0 0
3490 2 0 0 1 0 0 1 0 0
3492 2 0 0 0 0 0 0 0 0
3495 3 0 0 0 0 0 0 0 0
3497 1 0 0 1 0 0 0 0 0
3498 6 0 0 1 0 0 1 0 0
3506 7 0 0 5 0 0 0 0 0
fl=/usr/src/packages/BUILD/glibc-2.11.3/malloc/morecore.c
fn=__default_morecore
48 5 1 1 0 0 0 0 0 0
49 5 0 0 0 0 0 5 0 0
50 15 0 0 0 0 0 0 0 0
53 10 0 0 5 0 0 0 0 0
fl=/usr/src/packages/BUILD/glibc-2.11.3/math/setfpucw.c
fn=__setfpucw
29 1 1 1 0 0 0 1 0 0
34 5 0 0 1 0 0 1 0 0
36 1 0 0 1 0 0 0 0 0
37 1 0 0 1 0 0 0 0 0
fl=/usr/src/packages/BUILD/glibc-2.11.3/misc/../sysdeps/unix/sysv/linux/getpagesize.c
fn=getpagesize
29 4 1 1 1 0 0 0 0 0
44 1 0 0 1 0 0 0 0 0
fl=/usr/src/packages/BUILD/glibc-2.11.3/misc/../sysdeps/unix/sysv/linux/x86_64/brk.c
fn=brk
29 5 1 1 0 0 0 0 0 0
32 30 1 1 0 0 0 5 0 0
34 15 0 0 0 0 0 0 0 0
41 5 0 0 5 0 0 0 0 0
fl=/usr/src/packages/BUILD/glibc-2.11.3/misc/init-misc.c
fn=__init_misc
31 4 1 1 0 0 0 2 0 0
32 5 0 0 1 0 0 0 0 0
34 3 0 0 0 0 0 1 0 0
35 2 0 0 0 0 0 0 0 0
36 2 1 1 0 0 0 1 0 0
39 2 0 0 1 0 0 1 1 1
41 4 0 0 3 0 0 0 0 0
fl=/usr/src/packages/BUILD/glibc-2.11.3/misc/sbrk.c
fn=sbrk
35 24 1 1 0 0 0 12 1 1
43 27 0 0 11 1 1 0 0 0
44 4 0 0 0 0 0 1 0 0
47 12 0 0 0 0 0 0 0 0
48 2 0 0 2 0 0 0 0 0
50 4 0 0 4 0 0 0 0 0
51 35 1 1 0 0 0 4 0 0
58 30 1 1 18 0 0 0 0 0
fl=/usr/src/packages/BUILD/glibc-2.11.3/nptl/../nptl/sysdeps/unix/sysv/linux/register-atfork.c
fn=__linkin_atfork
117 2 1 1 1 1 1 1 0 0
118 2 0 0 0 0 0 0 0 0
119 4 0 0 2 0 0 0 0 0
120 1 0 0 1 0 0 0 0 0
fl=/usr/src/packages/BUILD/glibc-2.11.3/nptl/../sysdeps/unix/syscall-template.S
fn=__open_nocancel
82 36 1 1 0 0 0 0 0 0
fl=/usr/src/packages/BUILD/glibc-2.11.3/posix/../sysdeps/unix/syscall-template.S
fn=uname
82 4 2 2 0 0 0 0 0 0
83 1 0 0 1 0 0 0 0 0
fl=/usr/src/packages/BUILD/glibc-2.11.3/posix/../sysdeps/unix/sysv/linux/_exit.c
fn=_Exit
33 7 2 2 1 0 0 0 0 0
35 2 0 0 0 0 0 0 0 0
fl=/usr/src/packages/BUILD/glibc-2.11.3/setjmp/../sysdeps/x86_64/bsd-_setjmp.S
fn=_setjmp
34 1 1 1 0 0 0 0 0 0
38 1 0 0 0 0 0 0 0 0
fl=/usr/src/packages/BUILD/glibc-2.11.3/setjmp/../sysdeps/x86_64/setjmp.S
fn=__sigsetjmp
26 1 1 1 0 0 0 1 0 0
28 1 0 0 0 0 0 0 0 0
29 2 0 0 1 0 0 0 0 0
30 1 0 0 0 0 0 1 0 0
34 1 0 0 0 0 0 1 1 1
35 1 0 0 0 0 0 1 0 0
36 1 0 0 0 0 0 1 0 0
37 1 0 0 0 0 0 1 0 0
38 1 0 0 0 0 0 0 0 0
40 2 0 0 1 0 0 0 0 0
42 1 0 0 0 0 0 1 0 0
43 1 1 1 1 0 0 0 0 0
45 2 0 0 1 0 0 0 0 0
47 1 0 0 0 0 0 1 0 0
58 1 0 0 0 0 0 0 0 0
fl=/usr/src/packages/BUILD/glibc-2.11.3/setjmp/sigjmp.c
fn=__sigjmp_save
29 2 0 0 0 0 0 1 0 0
30 4 0 0 0 0 0 1 0 0
35 3 0 0 2 0 0 0 0 0
fl=/usr/src/packages/BUILD/glibc-2.11.3/stdio-common/fprintf.c
fn=fprintf
28 44 1 1 0 0 0 16 0 0
32 28 2 2 0 0 0 16 0 0
33 4 0 0 0 0 0 4 0 0
37 8 0 0 4 0 0 0 0 0
fl=/usr/src/packages/BUILD/glibc-2.11.3/stdio-common/printf-parse.h
fn=vfprintf
99 31 1 1 1 0 0 18 3 3
fl=/usr/src/packages/BUILD/glibc-2.11.3/stdio-common/vfprintf.c
fn=buffered_vfprintf
2214 24 1 1 0 0 0 16 0 0
2222 24 1 1 4 0 0 0 0 0
2226 4 1 1 0 0 0 4 1 1
2232 20 0 0 0 0 0 12 1 1
2233 4 0 0 0 0 0 4 1 1
2235 4 0 0 0 0 0 4 1 1
2240 4 1 1 0 0 0 4 1 1
2242 8 0 0 4 1 1 4 0 0
2243 4 0 0 0 0 0 4 0 0
2247 8 0 0 0 0 0 4 1 1
2253 32 1 1 0 0 0 8 0 0
2254 68 1 1 36 0 0 4 0 0
2266 24 0 0 8 0 0 0 0 0
2268 28 1 1 8 1 1 4 0 0
2274 64 2 2 28 0 0 8 0 0
2275 8 0 0 0 0 0 0 0 0
2278 28 0 0 20 0 0 0 0 0
fn=vfprintf
197 99 2 2 0 0 0 54 1 1
232 45 0 0 18 0 0 18 5 5
1246 52 1 1 9 1 1 1 0 0
1250 45 1 1 9 1 1 0 0 0
1261 18 0 0 0 0 0 0 0 0
1264 20 1 1 0 0 0 4 1 1
1272 30 1 1 15 0 0 15 2 2
1287 20 0 0 5 0 0 5 0 0
1291 75 1 1 25 2 2 10 0 0
1295 15 0 0 10 0 0 0 0 0
1296 10 2 2 0 0 0 7 1 1
1341 31 3 3 5 2 2 17 0 0
1570 48 10 10 13 0 0 8 1 1
1588 2 1 1 1 0 0 0 0 0
1596 3 0 0 1 0 0 1 0 0
1600 21 2 2 7 0 0 2 0 0
1602 3 0 0 2 0 0 0 0 0
1968 8 1 1 0 0 0 8 0 0
1983 2 1 1 0 0 0 1 0 0
1984 2 1 1 1 0 0 0 0 0
1986 10 0 0 5 0 0 5 0 0
1987 10 0 0 5 0 0 5 0 0
1989 10 0 0 5 0 0 0 0 0
1990 15 1 1 5 0 0 0 0 0
1993 76 0 0 63 0 0 0 0 0
2005 3 0 0 0 0 0 1 0 0
fl=/usr/src/packages/BUILD/glibc-2.11.3/stdlib/bsearch.c
fn=bsearch
27 104 2 2 0 0 0 64 0 0
34 180 0 0 0 0 0 0 0 0
36 108 0 0 0 0 0 0 0 0
37 216 1 1 54 0 0 0 0 0
38 162 0 0 54 0 0 54 0 0
39 108 0 0 0 0 0 0 0 0
41 8 0 0 0 0 0 0 0 0
42 8 0 0 0 0 0 0 0 0
48 72 0 0 56 0 0 0 0 0
fl=/usr/src/packages/BUILD/glibc-2.11.3/stdlib/cxa_atexit.c
fn=__cxa_atexit
58 2 1 1 0 0 0 0 0 0
fn=__internal_atexit
34 8 2 2 0 0 0 3 0 0
35 1 0 0 0 0 0 1 0 0
37 3 0 0 0 0 0 0 0 0
41 2 0 0 1 0 0 0 0 0
43 1 0 0 0 0 0 1 0 0
44 1 0 0 0 0 0 1 1 1
45 1 0 0 0 0 0 1 0 0
47 2 0 0 0 0 0 1 0 0
49 6 0 0 4 0 0 0 0 0
fn=__new_exitfn
73 2 1 1 0 0 0 1 0 0
79 6 0 0 2 1 1 0 0 0
81 10 1 1 2 0 0 0 0 0
83 3 1 1 1 0 0 0 0 0
91 1 0 0 0 0 0 1 0 0
98 2 0 0 0 0 0 0 0 0
110 2 0 0 0 0 0 0 0 0
112 1 1 1 0 0 0 0 0 0
113 2 0 0 0 0 0 1 0 0
126 1 1 1 0 0 0 1 0 0
127 1 0 0 1 0 0 0 0 0
130 6 0 0 2 0 0 0 0 0
133 3 0 0 2 0 0 0 0 0
fl=/usr/src/packages/BUILD/glibc-2.11.3/stdlib/exit.c
fn=__run_exit_handlers
37 9 1 1 1 0 0 4 0 0
42 3 0 0 0 0 0 0 0 0
46 6 0 0 2 1 0 0 0 0
49 2 1 1 0 0 0 1 0 0
50 7 0 0 1 0 0 0 0 0
74 2 1 1 1 0 0 0 0 0
76 2 0 0 1 1 0 0 0 0
78 4 0 0 1 0 0 1 0 0
83 2 1 1 1 0 0 1 0 0
84 2 0 0 0 0 0 0 0 0
90 2 0 0 0 0 0 0 0 0
91 8 0 0 1 1 1 1 0 0
93 2 0 0 0 0 0 1 0 0
fn=exit
100 4 1 1 0 0 0 1 0 0
fl=/usr/src/packages/BUILD/glibc-2.11.3/stdlib/getenv.c
fn=getenv
36 84 1 1 0 0 0 60 2 2
37 12 0 0 0 0 0 12 0 0
41 60 1 1 24 0 0 0 0 0
44 24 0 0 12 0 0 0 0 0
73 12 1 1 12 0 0 0 0 0
78 12 0 0 0 0 0 0 0 0
79 12 0 0 0 0 0 0 0 0
81 15086 0 0 3772 3 0 0 0 0
90 7688 1 1 3764 293 246 20 0 0
92 2 0 0 0 0 0 0 0 0
97 86 0 0 72 0 0 0 0 0
fl=/usr/src/packages/BUILD/glibc-2.11.3/string/../sysdeps/x86_64/memcpy.S
fn=mempcpy
56 10 1 1 0 0 0 0 0 0
60 10 0 0 0 0 0 0 0 0
63 10 0 0 0 0 0 0 0 0
64 10 0 0 0 0 0 0 0 0
66 6 0 0 6 0 0 0 0 0
67 6 0 0 0 0 0 6 0 0
69 6 0 0 0 0 0 0 0 0
70 6 0 0 0 0 0 0 0 0
75 10 0 0 0 0 0 0 0 0
76 10 0 0 0 0 0 0 0 0
78 5 0 0 5 0 0 0 0 0
79 5 0 0 0 0 0 5 0 0
81 5 0 0 0 0 0 0 0 0
82 5 0 0 0 0 0 0 0 0
87 10 0 0 0 0 0 0 0 0
88 10 0 0 0 0 0 0 0 0
90 3 0 0 3 0 0 0 0 0
91 3 1 1 0 0 0 3 0 0
93 3 0 0 0 0 0 0 0 0
94 3 0 0 0 0 0 0 0 0
99 10 0 0 0 0 0 0 0 0
100 10 0 0 0 0 0 0 0 0
102 3 0 0 3 0 0 0 0 0
103 3 0 0 0 0 0 3 0 0
105 3 0 0 0 0 0 0 0 0
106 6 0 0 0 0 0 0 0 0
111 10 0 0 0 0 0 0 0 0
112 18 0 0 0 0 0 0 0 0
117 8 0 0 8 0 0 0 0 0
118 8 0 0 8 0 0 0 0 0
119 8 0 0 0 0 0 8 1 1
120 8 0 0 0 0 0 8 0 0
122 8 0 0 0 0 0 0 0 0
124 8 0 0 0 0 0 0 0 0
125 8 0 0 0 0 0 0 0 0
127 8 0 0 0 0 0 0 0 0
133 10 0 0 0 0 0 0 0 0
137 10 0 0 10 0 0 0 0 0
149 10 1 1 0 0 0 0 0 0
151 10 0 0 0 0 0 0 0 0
152 10 0 0 0 0 0 0 0 0
155 6 0 0 0 0 0 0 0 0
156 12 0 0 0 0 0 0 0 0
161 27 0 0 27 0 0 0 0 0
162 27 0 0 0 0 0 27 0 0
164 27 0 0 0 0 0 0 0 0
166 27 0 0 0 0 0 0 0 0
167 27 0 0 0 0 0 0 0 0
169 33 0 0 0 0 0 0 0 0
178 10 2 1 0 0 0 0 0 0
179 10 0 0 0 0 0 0 0 0
182 10 0 0 0 0 0 0 0 0
183 10 0 0 0 0 0 0 0 0
184 10 0 0 0 0 0 0 0 0
189 11 0 0 0 0 0 0 0 0
191 11 0 0 11 0 0 0 0 0
192 11 0 0 11 0 0 0 0 0
193 11 0 0 11 0 0 0 0 0
194 11 0 0 11 0 0 0 0 0
196 11 0 0 0 0 0 11 3 3
197 11 0 0 0 0 0 11 0 0
198 11 0 0 0 0 0 11 2 2
199 11 0 0 0 0 0 11 0 0
201 11 0 0 0 0 0 0 0 0
202 11 0 0 0 0 0 0 0 0
204 11 0 0 0 0 0 0 0 0
206 2 0 0 0 0 0 0 0 0
208 2 0 0 2 0 0 0 0 0
209 2 0 0 2 0 0 0 0 0
210 2 0 0 2 0 0 0 0 0
211 2 0 0 2 0 0 0 0 0
213 2 0 0 0 0 0 2 0 0
214 2 0 0 0 0 0 2 0 0
215 2 0 0 0 0 0 2 0 0
216 2 0 0 0 0 0 2 0 0
218 2 0 0 0 0 0 0 0 0
219 2 0 0 0 0 0 0 0 0
221 3 0 0 0 0 0 0 0 0
226 10 1 1 0 0 0 0 0 0
228 10 0 0 0 0 0 0 0 0
fl=/usr/src/packages/BUILD/glibc-2.11.3/string/../sysdeps/x86_64/multiarch/../cacheinfo.c
fn=handle_intel
307 16 1 1 0 0 0 12 0 0
308 8 1 1 0 0 0 0 0 0
315 2 0 0 0 0 0 2 0 0
316 6 0 0 0 0 0 6 0 0
324 10 0 0 0 0 0 2 0 0
329 4 0 0 2 0 0 0 0 0
331 6 1 1 0 0 0 2 0 0
332 2 0 0 0 0 0 0 0 0
336 12 1 1 0 0 0 2 0 0
337 4 0 0 0 0 0 0 0 0
340 12 0 0 0 0 0 2 0 0
341 4 0 0 0 0 0 0 0 0
358 18 1 1 14 0 0 0 0 0
fn=init_cacheinfo
546 5 1 1 0 0 0 4 0 0
559 3 0 0 1 1 0 0 0 0
566 2 0 0 0 0 0 0 0 0
568 4 1 1 1 0 0 1 0 0
572 4 1 1 1 0 0 1 0 0
574 3 0 0 0 0 0 0 0 0
585 1 0 0 1 0 0 0 0 0
603 4 0 0 1 0 0 0 0 0
610 22 1 1 0 0 0 0 0 0
616 8 0 0 0 0 0 0 0 0
619 16 0 0 0 0 0 0 0 0
621 1 0 0 0 0 0 0 0 0
627 6 1 1 0 0 0 0 0 0
634 10 0 0 0 0 0 0 0 0
637 2 0 0 0 0 0 0 0 0
638 12 1 1 0 0 0 0 0 0
640 4 0 0 0 0 0 0 0 0
645 1 0 0 0 0 0 0 0 0
647 3 0 0 0 0 0 0 0 0
648 3 1 1 0 0 0 0 0 0
649 1 0 0 0 0 0 0 0 0
653 1 0 0 0 0 0 0 0 0
665 4 1 1 0 0 0 0 0 0
666 6 0 0 0 0 0 0 0 0
740 2 0 0 0 0 0 0 0 0
742 3 0 0 0 0 0 1 0 0
743 1 0 0 0 0 0 1 0 0
745 2 0 0 0 0 0 0 0 0
746 3 0 0 0 0 0 1 0 0
747 1 1 1 0 0 0 1 0 0
750 2 0 0 0 0 0 0 0 0
752 3 0 0 0 0 0 1 0 0
753 1 0 0 0 0 0 1 0 0
755 2 0 0 0 0 0 0 0 0
756 4 1 1 0 0 0 1 0 0
757 1 0 0 0 0 0 1 0 0
759 6 0 0 5 0 0 0 0 0
fn=intel_02_known_compare
152 216 1 1 108 6 6 0 0 0
155 108 0 0 0 0 0 0 0 0
156 108 0 0 54 0 0 0 0 0
fn=intel_check_word
163 44 1 1 0 0 0 24 0 0
164 8 1 1 0 0 0 0 0 0
170 32 0 0 0 0 0 0 0 0
172 22 0 0 0 0 0 0 0 0
174 10 1 1 0 0 0 0 0 0
176 20 1 1 0 0 0 0 0 0
184 20 0 0 0 0 0 0 0 0
196 36 2 2 0 0 0 0 0 0
201 17 0 0 0 0 0 0 0 0
205 10 1 1 0 0 0 0 0 0
207 62 2 2 0 0 0 0 0 0
215 2 0 0 0 0 0 0 0 0
217 4 0 0 0 0 0 0 0 0
219 26 2 2 0 0 0 0 0 0
227 3 0 0 0 0 0 0 0 0
237 16 0 0 0 0 0 0 0 0
272 8 0 0 0 0 0 8 0 0
273 56 0 0 0 0 0 8 0 0
275 16 0 0 0 0 0 0 0 0
297 8 0 0 0 0 0 0 0 0
302 34 0 0 28 0 0 0 0 0
fl=/usr/src/packages/BUILD/glibc-2.11.3/string/../sysdeps/x86_64/multiarch/../memcpy.S
fn=memcpy
56 13 1 1 0 0 0 0 0 0
58 13 0 0 0 0 0 0 0 0
60 13 0 0 0 0 0 0 0 0
63 12 0 0 0 0 0 0 0 0
64 12 0 0 0 0 0 0 0 0
66 11 0 0 11 0 0 0 0 0
67 11 0 0 0 0 0 11 0 0
69 11 0 0 0 0 0 0 0 0
70 11 0 0 0 0 0 0 0 0
75 12 0 0 0 0 0 0 0 0
76 12 0 0 0 0 0 0 0 0
78 9 0 0 9 0 0 0 0 0
79 9 0 0 0 0 0 9 0 0
81 9 0 0 0 0 0 0 0 0
82 18 0 0 0 0 0 0 0 0
87 12 1 1 0 0 0 0 0 0
88 12 0 0 0 0 0 0 0 0
99 12 0 0 0 0 0 0 0 0
100 12 0 0 0 0 0 0 0 0
102 9 0 0 9 0 0 0 0 0
103 9 0 0 0 0 0 9 1 1
105 9 0 0 0 0 0 0 0 0
106 9 0 0 0 0 0 0 0 0
111 12 0 0 0 0 0 0 0 0
112 13 0 0 0 0 0 0 0 0
117 1 0 0 1 0 0 0 0 0
118 1 0 0 1 0 0 0 0 0
119 1 0 0 0 0 0 1 0 0
120 1 0 0 0 0 0 1 0 0
122 1 0 0 0 0 0 0 0 0
124 1 0 0 0 0 0 0 0 0
125 1 0 0 0 0 0 0 0 0
127 1 0 0 0 0 0 0 0 0
135 12 0 0 12 0 0 0 0 0
143 2 1 1 0 0 0 2 0 0
149 2 0 0 0 0 0 0 0 0
151 2 0 0 0 0 0 0 0 0
152 2 0 0 0 0 0 0 0 0
155 1 0 0 0 0 0 0 0 0
156 2 0 0 0 0 0 0 0 0
161 4 0 0 4 0 0 0 0 0
162 4 0 0 0 0 0 4 0 0
164 4 0 0 0 0 0 0 0 0
166 4 0 0 0 0 0 0 0 0
167 4 0 0 0 0 0 0 0 0
169 5 0 0 0 0 0 0 0 0
178 2 1 1 0 0 0 0 0 0
179 2 0 0 0 0 0 0 0 0
182 2 0 0 0 0 0 0 0 0
183 2 0 0 0 0 0 0 0 0
184 2 0 0 0 0 0 0 0 0
189 9 0 0 0 0 0 0 0 0
191 9 0 0 9 1 1 0 0 0
192 9 0 0 9 0 0 0 0 0
193 9 0 0 9 0 0 0 0 0
194 9 0 0 9 1 1 0 0 0
196 9 0 0 0 0 0 9 1 1
197 9 0 0 0 0 0 9 0 0
198 9 0 0 0 0 0 9 0 0
199 9 0 0 0 0 0 9 3 2
201 9 1 1 0 0 0 0 0 0
202 9 0 0 0 0 0 0 0 0
204 9 0 0 0 0 0 0 0 0
206 7 0 0 0 0 0 0 0 0
208 7 0 0 7 0 0 0 0 0
209 7 0 0 7 0 0 0 0 0
210 7 0 0 7 0 0 0 0 0
211 7 0 0 7 0 0 0 0 0
213 7 0 0 0 0 0 7 0 0
214 7 0 0 0 0 0 7 0 0
215 7 0 0 0 0 0 7 0 0
216 7 0 0 0 0 0 7 0 0
218 7 0 0 0 0 0 0 0 0
219 7 0 0 0 0 0 0 0 0
221 7 0 0 0 0 0 0 0 0
226 2 1 1 0 0 0 0 0 0
232 2 0 0 2 0 0 0 0 0
233 2 0 0 0 0 0 0 0 0
235 1 0 0 1 0 0 0 0 0
fl=/usr/src/packages/BUILD/glibc-2.11.3/string/../sysdeps/x86_64/multiarch/../strcmp.S
fn=strncmp
84 20 1 1 0 0 0 0 0 0
85 20 0 0 0 0 0 0 0 0
86 20 0 0 0 0 0 0 0 0
87 20 0 0 0 0 0 0 0 0
88 20 0 0 0 0 0 0 0 0
90 20 0 0 0 0 0 0 0 0
91 20 0 0 0 0 0 0 0 0
93 20 0 0 0 0 0 0 0 0
94 20 0 0 0 0 0 0 0 0
95 20 0 0 0 0 0 0 0 0
96 20 0 0 0 0 0 0 0 0
97 18 0 0 0 0 0 0 0 0
98 18 0 0 0 0 0 0 0 0
99 17 0 0 17 0 0 0 0 0
100 17 0 0 17 0 0 0 0 0
101 17 0 0 17 0 0 0 0 0
102 17 0 0 17 0 0 0 0 0
103 17 1 1 0 0 0 0 0 0
104 17 0 0 0 0 0 0 0 0
105 17 0 0 0 0 0 0 0 0
106 17 0 0 0 0 0 0 0 0
107 17 0 0 0 0 0 0 0 0
108 17 0 0 0 0 0 0 0 0
109 17 0 0 0 0 0 0 0 0
124 3 0 0 0 0 0 0 0 0
125 3 0 0 0 0 0 0 0 0
126 3 0 0 0 0 0 0 0 0
127 3 0 0 0 0 0 0 0 0
128 3 1 1 0 0 0 0 0 0
129 3 0 0 0 0 0 0 0 0
130 3 0 0 0 0 0 0 0 0
131 3 0 0 0 0 0 0 0 0
132 3 0 0 0 0 0 0 0 0
133 1 0 0 0 0 0 0 0 0
134 1 0 0 0 0 0 0 0 0
135 1 0 0 0 0 0 0 0 0
137 3 0 0 0 0 0 0 0 0
138 3 0 0 0 0 0 0 0 0
139 3 0 0 0 0 0 0 0 0
140 3 0 0 3 2 2 0 0 0
141 3 0 0 0 0 0 0 0 0
142 3 0 0 0 0 0 0 0 0
1317 1 1 1 0 0 0 0 0 0
1318 1 0 0 1 0 0 0 0 0
1319 1 0 0 1 0 0 0 0 0
1320 1 0 0 0 0 0 0 0 0
1321 1 0 0 0 0 0 0 0 0
1322 1 0 0 0 0 0 0 0 0
1323 1 0 0 0 0 0 0 0 0
1324 1 0 0 0 0 0 0 0 0
1325 1 0 0 0 0 0 0 0 0
1326 1 0 0 0 0 0 0 0 0
1327 1 0 0 0 0 0 0 0 0
1328 1 0 0 0 0 0 0 0 0
1927 2 1 1 0 0 0 0 0 0
1928 2 0 0 2 0 0 0 0 0
1929 2 0 0 2 0 0 0 0 0
1930 2 0 0 0 0 0 0 0 0
1931 2 0 0 0 0 0 0 0 0
1932 2 0 0 0 0 0 0 0 0
1933 2 0 0 0 0 0 0 0 0
1934 2 0 0 0 0 0 0 0 0
1935 2 0 0 0 0 0 0 0 0
1936 2 0 0 0 0 0 0 0 0
1937 2 0 0 0 0 0 0 0 0
1938 2 0 0 0 0 0 0 0 0
2054 3 0 0 0 0 0 0 0 0
2055 3 0 0 0 0 0 0 0 0
2056 3 0 0 0 0 0 0 0 0
2057 3 0 0 0 0 0 0 0 0
2058 2 0 0 0 0 0 0 0 0
2063 20 1 1 0 0 0 0 0 0
2066 20 0 0 0 0 0 0 0 0
2067 20 0 0 0 0 0 0 0 0
2069 18 0 0 18 0 0 0 0 0
2070 18 0 0 18 0 0 0 0 0
2072 18 0 0 0 0 0 0 0 0
2073 18 0 0 18 0 0 0 0 0
2076 2 0 0 0 0 0 0 0 0
2077 2 0 0 2 0 0 0 0 0
fl=/usr/src/packages/BUILD/glibc-2.11.3/string/../sysdeps/x86_64/multiarch/../strlen.S
fn=strlen
26 36 1 1 0 0 0 0 0 0
27 36 0 0 0 0 0 0 0 0
28 36 0 0 0 0 0 0 0 0
29 36 0 0 0 0 0 0 0 0
30 36 0 0 0 0 0 0 0 0
31 36 0 0 36 5 5 0 0 0
32 36 0 0 0 0 0 0 0 0
33 36 0 0 0 0 0 0 0 0
34 36 0 0 0 0 0 0 0 0
35 36 0 0 0 0 0 0 0 0
36 36 0 0 0 0 0 0 0 0
37 36 0 0 0 0 0 0 0 0
39 92 0 0 92 13 13 0 0 0
40 92 0 0 0 0 0 0 0 0
41 92 0 0 0 0 0 0 0 0
42 92 0 0 0 0 0 0 0 0
43 92 0 0 0 0 0 0 0 0
44 92 0 0 0 0 0 0 0 0
46 36 0 0 0 0 0 0 0 0
47 36 1 1 0 0 0 0 0 0
48 36 0 0 0 0 0 0 0 0
49 36 0 0 36 0 0 0 0 0
fl=/usr/src/packages/BUILD/glibc-2.11.3/string/../sysdeps/x86_64/multiarch/../strrchr.S
fn=rindex
26 1 1 1 0 0 0 0 0 0
27 1 0 0 0 0 0 0 0 0
28 1 0 0 0 0 0 0 0 0
29 1 0 0 0 0 0 0 0 0
30 1 1 1 0 0 0 0 0 0
31 1 0 0 0 0 0 0 0 0
32 1 0 0 0 0 0 0 0 0
33 1 0 0 1 0 0 0 0 0
34 1 0 0 0 0 0 0 0 0
35 1 0 0 0 0 0 0 0 0
36 1 0 0 0 0 0 0 0 0
37 1 0 0 0 0 0 0 0 0
38 1 0 0 0 0 0 0 0 0
39 1 0 0 0 0 0 0 0 0
40 1 0 0 0 0 0 0 0 0
41 1 0 0 0 0 0 0 0 0
42 1 0 0 0 0 0 0 0 0
43 1 0 0 0 0 0 0 0 0
44 1 0 0 0 0 0 0 0 0
45 1 0 0 0 0 0 0 0 0
46 1 0 0 0 0 0 0 0 0
47 1 0 0 0 0 0 0 0 0
48 1 0 0 0 0 0 0 0 0
50 1 0 0 1 0 0 0 0 0
51 1 1 1 0 0 0 0 0 0
52 1 0 0 0 0 0 0 0 0
53 1 0 0 0 0 0 0 0 0
54 1 0 0 0 0 0 0 0 0
55 1 0 0 0 0 0 0 0 0
56 1 0 0 0 0 0 0 0 0
57 1 0 0 0 0 0 0 0 0
58 1 0 0 0 0 0 0 0 0
59 1 0 0 0 0 0 0 0 0
61 1 0 0 0 0 0 0 0 0
62 1 0 0 0 0 0 0 0 0
63 1 0 0 0 0 0 0 0 0
64 1 0 0 0 0 0 0 0 0
71 1 0 0 0 0 0 0 0 0
72 1 1 1 0 0 0 0 0 0
73 1 0 0 0 0 0 0 0 0
74 1 0 0 0 0 0 0 0 0
75 1 0 0 0 0 0 0 0 0
77 1 0 0 1 0 0 0 0 0
fl=/usr/src/packages/BUILD/glibc-2.11.3/string/../sysdeps/x86_64/multiarch/memmove.c
fn=memmove
39 10 2 2 3 0 0 0 0 0
fl=/usr/src/packages/BUILD/glibc-2.11.3/string/../sysdeps/x86_64/multiarch/memset.S
fn=memset
27 1 1 1 1 0 0 0 0 0
28 1 0 0 0 0 0 0 0 0
30 1 0 0 0 0 0 0 0 0
31 1 0 0 1 0 0 0 0 0
32 1 0 0 0 0 0 0 0 0
33 1 0 0 0 0 0 0 0 0
34 1 0 0 1 0 0 0 0 0
fl=/usr/src/packages/BUILD/glibc-2.11.3/string/../sysdeps/x86_64/multiarch/rawmemchr.S
fn=rawmemchr
29 1 1 1 1 0 0 0 0 0
30 1 0 0 0 0 0 0 0 0
32 1 0 0 0 0 0 0 0 0
33 1 0 0 1 0 0 0 0 0
34 1 0 0 0 0 0 0 0 0
35 1 0 0 0 0 0 0 0 0
36 1 0 0 1 0 0 0 0 0
fl=/usr/src/packages/BUILD/glibc-2.11.3/string/../sysdeps/x86_64/multiarch/strchr.S
fn=__strchr_sse42
85 2 1 1 0 0 0 0 0 0
86 2 0 0 0 0 0 0 0 0
87 2 0 0 0 0 0 0 0 0
88 2 0 0 0 0 0 0 0 0
89 2 0 0 0 0 0 0 0 0
90 2 0 0 0 0 0 0 0 0
91 2 0 0 0 0 0 0 0 0
92 2 0 0 0 0 0 0 0 0
93 2 0 0 0 0 0 0 0 0
131 2 1 1 2 1 1 0 0 0
132 2 0 0 0 0 0 0 0 0
144 2 0 0 0 0 0 0 0 0
148 2 0 0 0 0 0 0 0 0
149 2 0 0 2 0 0 0 0 0
fn=index
29 1 1 1 1 1 1 0 0 0
30 1 0 0 0 0 0 0 0 0
31 1 0 0 0 0 0 1 0 0
32 1 0 0 0 0 0 0 0 0
33 1 0 0 1 0 0 0 0 0
34 1 0 0 0 0 0 0 0 0
35 1 0 0 0 0 0 0 0 0
36 1 0 0 1 0 0 0 0 0
fl=/usr/src/packages/BUILD/glibc-2.11.3/string/../sysdeps/x86_64/multiarch/strcmp.S
fn=strcmp
62 1 1 1 1 0 0 0 0 0
63 1 0 0 0 0 0 0 0 0
66 1 1 1 0 0 0 0 0 0
67 1 0 0 1 0 0 0 0 0
68 1 0 0 0 0 0 0 0 0
73 1 0 0 1 0 0 0 0 0
fl=/usr/src/packages/BUILD/glibc-2.11.3/string/../sysdeps/x86_64/multiarch/strcpy.S
fn=???
85 1 1 1 0 0 0 0 0 0
87 1 0 0 0 0 0 0 0 0
88 1 0 0 0 0 0 0 0 0
89 1 0 0 0 0 0 0 0 0
90 1 0 0 0 0 0 0 0 0
93 1 0 0 0 0 0 0 0 0
94 1 0 0 1 0 0 0 0 0
95 1 0 0 0 0 0 0 0 0
96 1 0 0 0 0 0 0 0 0
97 1 0 0 0 0 0 0 0 0
98 1 0 0 0 0 0 0 0 0
106 1 0 0 0 0 0 0 0 0
107 1 0 0 0 0 0 0 0 0
108 1 0 0 0 0 0 0 0 0
109 1 0 0 0 0 0 0 0 0
110 1 0 0 0 0 0 0 0 0
112 1 0 0 0 0 0 0 0 0
114 1 0 0 0 0 0 0 0 0
115 1 0 0 1 0 0 0 0 0
116 1 1 1 0 0 0 0 0 0
117 1 0 0 0 0 0 0 0 0
118 1 0 0 0 0 0 0 0 0
126 1 0 0 1 0 0 0 0 0
127 1 0 0 0 0 0 1 1 1
128 1 0 0 1 0 0 0 0 0
129 1 0 0 0 0 0 1 0 0
138 1 0 0 0 0 0 0 0 0
139 1 0 0 0 0 0 0 0 0
140 1 0 0 0 0 0 0 0 0
145 1 0 0 0 0 0 0 0 0
146 1 0 0 0 0 0 0 0 0
148 1 0 0 0 0 0 0 0 0
149 1 0 0 0 0 0 0 0 0
150 1 0 0 0 0 0 0 0 0
152 1 0 0 0 0 0 0 0 0
153 1 0 0 0 0 0 0 0 0
155 1 0 0 0 0 0 0 0 0
156 1 1 1 0 0 0 0 0 0
157 1 0 0 0 0 0 0 0 0
158 1 0 0 0 0 0 0 0 0
159 1 0 0 1 1 1 0 0 0
160 1 0 0 0 0 0 0 0 0
161 1 0 0 0 0 0 0 0 0
359 2 1 1 0 0 0 0 0 0
367 11 0 0 11 0 0 0 0 0
368 11 0 0 0 0 0 0 0 0
369 11 0 0 0 0 0 0 0 0
370 11 0 0 0 0 0 0 0 0
371 11 0 0 0 0 0 0 0 0
377 11 0 0 11 0 0 0 0 0
378 11 0 0 0 0 0 11 0 0
379 11 0 0 0 0 0 0 0 0
386 11 0 0 11 0 0 0 0 0
387 11 0 0 0 0 0 0 0 0
388 11 1 1 0 0 0 0 0 0
389 11 0 0 0 0 0 0 0 0
390 11 0 0 0 0 0 0 0 0
396 10 0 0 10 0 0 0 0 0
397 10 0 0 0 0 0 10 5 5
398 10 0 0 0 0 0 0 0 0
404 10 0 0 0 0 0 0 0 0
1084 1 1 1 0 0 0 0 0 0
1085 1 0 0 0 0 0 0 0 0
1086 1 0 0 0 0 0 0 0 0
1087 1 0 0 0 0 0 0 0 0
1088 1 0 0 0 0 0 0 0 0
1091 1 0 0 0 0 0 0 0 0
1093 1 0 0 0 0 0 0 0 0
1104 1 0 0 0 0 0 0 0 0
1105 1 1 1 0 0 0 0 0 0
1106 1 0 0 1 1 1 0 0 0
1107 1 0 0 0 0 0 0 0 0
1108 1 0 0 0 0 0 0 0 0
1308 1 1 1 1 0 0 0 0 0
1309 1 0 0 0 0 0 1 0 0
1310 1 0 0 1 0 0 0 0 0
1311 1 0 0 0 0 0 1 0 0
1313 1 0 0 0 0 0 0 0 0
1324 1 0 0 1 0 0 0 0 0
fn=stpcpy
62 1 1 1 1 0 0 0 0 0
63 1 0 0 0 0 0 0 0 0
65 1 1 1 0 0 0 0 0 0
66 1 0 0 1 0 0 0 0 0
67 1 0 0 0 0 0 0 0 0
68 1 0 0 0 0 0 0 0 0
69 1 0 0 1 0 0 0 0 0
fn=strcpy
62 1 1 1 1 0 0 0 0 0
63 1 0 0 0 0 0 0 0 0
65 1 0 0 0 0 0 0 0 0
66 1 0 0 1 0 0 0 0 0
67 1 0 0 0 0 0 0 0 0
68 1 0 0 0 0 0 0 0 0
69 1 0 0 1 0 0 0 0 0
fn=strncpy
62 1 1 1 1 0 0 0 0 0
63 1 0 0 0 0 0 0 0 0
65 1 0 0 0 0 0 0 0 0
66 1 0 0 1 0 0 0 0 0
67 1 0 0 0 0 0 0 0 0
68 1 0 0 0 0 0 0 0 0
69 1 0 0 1 0 0 0 0 0
fl=/usr/src/packages/BUILD/glibc-2.11.3/string/../sysdeps/x86_64/multiarch/strstr-c.c
fn=strstr
15 10 2 2 3 0 0 0 0 0
fl=/usr/src/packages/BUILD/glibc-2.11.3/string/../sysdeps/x86_64/strchrnul.S
fn=strchrnul
27 6 1 1 0 0 0 0 0 0
28 6 0 0 0 0 0 0 0 0
29 6 0 0 0 0 0 0 0 0
30 6 0 0 0 0 0 0 0 0
31 6 0 0 0 0 0 0 0 0
32 6 0 0 0 0 0 0 0 0
33 6 0 0 0 0 0 0 0 0
34 6 0 0 6 2 2 0 0 0
35 6 1 1 0 0 0 0 0 0
36 6 0 0 0 0 0 0 0 0
37 6 0 0 0 0 0 0 0 0
38 6 0 0 0 0 0 0 0 0
39 6 0 0 0 0 0 0 0 0
40 6 0 0 0 0 0 0 0 0
41 6 0 0 0 0 0 0 0 0
42 6 0 0 0 0 0 0 0 0
43 6 0 0 0 0 0 0 0 0
44 6 0 0 0 0 0 0 0 0
45 6 0 0 0 0 0 0 0 0
46 6 0 0 0 0 0 0 0 0
48 12 0 0 12 1 1 0 0 0
49 12 0 0 0 0 0 0 0 0
50 12 0 0 0 0 0 0 0 0
51 12 0 0 0 0 0 0 0 0
52 12 0 0 0 0 0 0 0 0
53 12 0 0 0 0 0 0 0 0
54 12 0 0 0 0 0 0 0 0
55 12 0 0 0 0 0 0 0 0
56 12 0 0 0 0 0 0 0 0
58 6 1 1 0 0 0 0 0 0
59 6 0 0 0 0 0 0 0 0
60 6 0 0 6 0 0 0 0 0
fl=/usr/src/packages/BUILD/glibc-2.11.3/string/../sysdeps/x86_64/strcspn.S
fn=strpbrk
35 9 1 1 0 0 0 0 0 0
42 9 0 0 0 0 0 0 0 0
43 9 0 0 0 0 0 0 0 0
45 9 1 1 0 0 0 0 0 0
46 9 0 0 0 0 0 0 0 0
47 9 0 0 0 0 0 0 0 0
48 9 0 0 0 0 0 0 0 0
49 297 0 0 0 0 0 288 3 3
52 18 0 0 0 0 0 0 0 0
59 9 0 0 9 0 0 0 0 0
60 9 0 0 0 0 0 0 0 0
61 9 0 0 0 0 0 0 0 0
62 9 0 0 0 0 0 9 0 0
64 9 0 0 9 0 0 0 0 0
65 9 0 0 0 0 0 0 0 0
66 9 0 0 0 0 0 0 0 0
67 9 0 0 0 0 0 9 0 0
69 9 0 0 9 0 0 0 0 0
70 9 0 0 0 0 0 0 0 0
71 9 0 0 0 0 0 0 0 0
80 18 1 1 0 0 0 0 0 0
92 128 0 0 0 0 0 0 0 0
94 128 0 0 128 0 0 0 0 0
95 128 0 0 128 0 0 0 0 0
96 128 0 0 0 0 0 0 0 0
98 127 0 0 127 0 0 0 0 0
99 127 0 0 127 0 0 0 0 0
100 127 0 0 0 0 0 0 0 0
102 124 0 0 124 0 0 0 0 0
103 124 0 0 124 0 0 0 0 0
104 124 0 0 0 0 0 0 0 0
106 121 0 0 121 0 0 0 0 0
107 121 0 0 121 0 0 0 0 0
108 121 0 0 0 0 0 0 0 0
110 2 0 0 0 0 0 0 0 0
111 5 0 0 0 0 0 0 0 0
112 8 0 0 0 0 0 0 0 0
114 9 1 1 0 0 0 0 0 0
117 9 0 0 0 0 0 0 0 0
118 9 0 0 0 0 0 0 0 0
119 9 0 0 0 0 0 0 0 0
125 9 0 0 9 0 0 0 0 0
fl=/usr/src/packages/BUILD/glibc-2.11.3/string/strncat.c
fn=strncat
34 3 0 0 0 0 0 0 0 0
40 4 0 0 1 0 0 0 0 0
41 2 0 0 0 0 0 0 0 0
45 1 0 0 0 0 0 0 0 0
47 2 0 0 0 0 0 0 0 0
49 2 0 0 0 0 0 0 0 0
52 2 0 0 2 0 0 0 0 0
53 2 0 0 0 0 0 2 0 0
54 4 0 0 0 0 0 0 0 0
56 1 1 1 1 0 0 0 0 0
57 1 0 0 0 0 0 1 0 0
58 2 0 0 0 0 0 0 0 0
60 1 0 0 1 0 0 0 0 0
61 1 0 0 0 0 0 1 0 0
62 2 0 0 0 0 0 0 0 0
64 1 0 0 1 0 0 0 0 0
65 1 0 0 0 0 0 1 0 0
66 2 0 0 0 0 0 0 0 0
68 2 0 0 0 0 0 0 0 0
85 2 1 1 1 0 0 0 0 0
fl=/usr/src/packages/BUILD/glibc-2.11.3/string/strsep.c
fn=strsep
26 40 1 1 0 0 0 20 0 0
29 10 0 0 10 0 0 0 0 0
30 20 0 0 0 0 0 0 0 0
36 45 0 0 18 1 1 0 0 0
54 27 1 1 0 0 0 9 0 0
56 18 1 1 0 0 0 0 0 0
59 8 0 0 0 0 0 8 0 0
60 24 0 0 0 0 0 8 0 0
64 2 0 0 0 0 0 1 0 0
67 50 0 0 30 0 0 0 0 0
fl=???
fn=???
0 77 7 6 22 2 2 15 1 1
fn=__atpHandlerInstall
0 24 4 4 2 0 0 14 1 1
fn=__intel_cpu_features_init
0 17 1 1 8 0 0 8 1 1
fn=__intel_cpu_features_init_body
0 174 14 14 7 0 0 8 0 0
fn=__intel_new_feature_proc_init
0 487 11 11 12 3 3 16 1 1
fn=__libirc_get_msg
0 50 8 8 8 1 1 11 2 2
fn=__libirc_print
0 123 10 10 26 1 1 30 0 0
fn=_fini
0 6 2 2 2 0 0 2 0 0
fn=isEnvVarTrue
0 14 3 3 4 0 0 4 1 1
summary: 56616 488 486 14447 449 392 3252 158 155
